pad     batch   sampler     enc_dim     epoch      out_dim     in_ksize    res_ksize   res_dim     res_blksize     res_dil     fc_blks     act     dropout     lr      moment  decay   half    acc
100     64      no          512         400        2           3           3           128         2               2           4224, 1000  relu    0.6         1e-3    0.9     0.01    true    .9665
100     128     no          512         400        2           3           3           128         2               2           4224, 1000  relu    0.6         1e-3    0.9     0.01    true    .9530
100     128     no          512         600        2           3           3           128         3               2           4224, 1000  relu    0.6         1e-3    0.9     0.01    true    .9583
100     64      no          512         400        14          3           3           128         2               2           4224, 1000  silu    0.6         1e-3    0.9     0.01    true    .9606
100     64      no          512         600        15          3           3           128         2               2           4224, 1000  relu    0.6         1e-3    0.9     0.01    true    .9649
100     64      no          512         2000       15          3           3           128         2               2           4224, 1000  relu    0.6         1e-3    0.9     0.01    true    .9699
100     128     no          512         2000       15          3           3           128         2               2           4224, 1000  relu    0.6         1e-3    0.9     0.01    true    .9656
100     64      no          512         4000       15          3           3           128         2               2           4224, 1000  relu    0.6         1e-3    0.9     0.01    true    .9690
100     64      no          512         2000       15          3           3           128         2               2           4224, 1200  relu    0.6         1e-3    0.9     0.01    true    .9695
100     64      yes         512         400        15          3           3           128         2               2           4224, 1024  relu    0.6         1e-3    0.9     0.01    true    .8639
100     64      yes         512         100        15          3           3           256         2               2           8448, 1000  relu    0.5         1e-3    0.9     0.01    true    .8302 (saturated)
100     64      no          512         100        15          5           3           128         2               2           4224, 1000  relu    0.6         1e-3    0.9     0.01    true    .9396
100     64      no          512         400        15          5           3           128         2               2           4224, 1000  relu    0.6         1e-3    0.9     0.01    true    .8640
200     64      no          512         400        15          3           3           128         2               2           4224, 1000  relu    0.6         1e-3    0.9     0.01    true    .9551 (X 1st dropout)
200     64      no          512         400+400    15          3           3           128         2               2           4224, 1000  relu    0.6         1e-3    0.9     0.01    true    .9585 (pretrained 9551)
200     64      no          512         400        15          3           3           128         2               2           4224, 1000  relu    0.4         1e-3    0.9     0.01    true    .9617 (X 1st dropout)
200     64      no          512         400        15          3           3           128         5               2           4224, 800   relu    0.5         1e-3    0.9     0.01    true    .9654 (X 1st dropout)